50 60








10 2
3 1 2 2
2 2 2
2 1 2
10 3 7 1 24 7
10 2 2 2 1 25 6
4 3 2
2 1 2
2 4 2 2
16 2
3 8 3 2
4 1 2 1 2
11 1 3 3 1 33
11 1 2 1 3 2 20 7
11 1 1 19 5 5
11 1 1 4 13 8 4
13 1 3 11 10 4
13 3 2 1 9 3 1 1 2 3
14 2 1 1 7 3 5 2 3
14 4 3 1 1 6 2 1 1 1 1 2
15 3 3 2 2 4 2 8 1 2
13 2 3 1 1 4 2 2 1 1 2
11 1 3 2 1 1 2 4 1 1 2
9 1 1 6 1 5 1 2 1 1 1 2
8 1 7 1 2 3 2 3 1 2
6 2 3 2 2 2 2 1 2 1 2
5 2 3 2 1 1 1 2 1 2
5 1 4 3 1 1 1 2 1 2
4 1 1 8 1 2 2 2 1 2
4 2 7 8 1 2 1 2
4 2 3 5 1 2 1 3
4 2 1 1 1 3 1 3
5 3 1 3 1 2 2 4
5 2 5 3 3 1 4
5 2 2 2 3 3 2 5
6 2 1 2 4 2 6
6 2 2 3 5 6 7
6 2 10 3 9
6 2 5 2 1 4 18
6 2 2 4 1 1 2 19
6 2 1 2 2 2 1 21
7 2 2 1 2 1 2 24
7 3 4 2 2 2 4 20
7 4 1 1 2 8 20
7 1 1 2 2 5 20
8 1 2 2 2 11 1
8 4 1 7 21
2 6 3 2
1 6 1
2 6 1 1 2










2 35
2 35
2 35
2 35
2 16 15
2 14 12
2 13 6
2 13 3
2 12 3
2 11 1 1 1 1
12 2 5 2
8 6 14 2
11 8 6 1 1
4 1 3 3 3 7 1
3 1 1 2 10 1 3 1 2
2 1 2 2 2 8 1 4
1 2 2 1 3 4 9
2 1 4 1 1 3 3 2 4
1 1 3 1 1 3 2 1 2
1 1 3 1 2 2 2 1 3
1 1 3 5 2 2 3 1 4 1
1 1 2 2 1 2 3 1 2 2
1 2 2 2 2 3 1 1 1
2 1 1 1 3 2 1 1 1 2
2 1 3 1 7 2 1 4
3 1 13 1 2 3
6 2 2 2 1
10 3 3
2 4 3 3 1 2 1
2 3 2 2 4 3
2 3 2 2 1 2 2 2
2 3 3 1 2 6 2
2 4 1 2 2 1 2 2
2 5 2 2 1 3 1 2
2 6 2 2 1 5 1
2 7 2 3 8 2
2 8 5 3 2 3
2 10 2 1 2
2 11 1 3 2 2 2 1
2 17 4 1 2 4
2 10 2 1 7 1
2 8 10 1 8
2 6 14 11
2 5 5 1 4 10
2 4 3 2 3 10
2 3 3 2 3 9 1
2 2 3 4 2 9
2 1 3 1 1 1 2 9
2 1 8 1 9 1
2 1 3 1 1 1 9 1
2 1 7 1 7 1
2 1 3 1 1 1 10
4 8 2 1 2 8 1
5 8 3 3 9 1
2 2 3 3 10 1
2 3 12 11 1
2 5 13 1
2 7 15 1
2 33 1
2 33 1


